1024
9438 3988 98
9439 3989 99
9440 3990 100
9441 3991 101
9442 3992 102
9443 3993 103
9444 3994 104
9445 3995 105
9446 3996 106
9447 3997 107
9448 3998 108
9449 3999 109
9450 4000 110
9451 4001 111
9452 4002 112
9453 4003 113
9454 4004 114
9455 4005 115
9456 4006 116
9457 4007 117
9458 4008 118
9459 4009 119
9460 4010 120
9461 4011 121
9462 4012 122
9463 4013 123
9464 4014 124
9465 4015 125
9466 4016 126
9467 4017 127
9468 4018 128
9469 4019 129
9470 4020 130
9471 4021 131
9472 4022 132
9473 4023 133
9474 4024 134
9475 4025 135
9476 4026 136
9477 4027 137
9478 4028 138
9479 4029 139
9480 4030 140
9481 4031 141
9482 4032 142
9483 4033 143
9484 4034 144
9485 4035 145
9486 4036 146
9487 4037 147
9488 4038 148
9489 4039 149
9490 4040 150
9491 4041 151
9492 4042 152
9493 4043 153
9494 4044 154
9495 4045 155
9496 4046 156
9497 4047 157
9498 4048 158
9499 4049 159
9500 4050 160
9501 4051 161
9502 4052 162
9503 4053 163
9504 4054 164
9505 4055 165
9506 4056 166
9507 4057 167
9508 4058 168
9509 4059 169
9510 4060 170
9511 4061 171
9512 4062 172
9513 4063 173
9514 4064 174
9515 4065 175
9516 4066 176
9517 4067 177
9518 4068 178
9519 4069 179
9520 4070 180
9521 4071 181
9522 4072 182
9523 4073 183
9524 4074 184
9525 4075 185
9526 4076 186
9527 4077 187
9528 4078 188
9529 4079 189
9530 4080 190
9531 4081 191
9532 4082 192
9533 4083 193
9534 4084 194
9535 4085 195
9536 4086 196
9537 4087 197
9538 4088 198
9539 4089 199
9540 4090 200
9541 4091 201
9542 4092 202
9543 4093 203
9544 4094 204
9545 4095 205
9546 4096 206
9547 4097 207
9548 4098 208
9549 4099 209
9550 4100 210
9551 4101 211
9552 4102 212
9553 4103 213
9554 4104 214
9555 4105 215
9556 4106 216
9557 4107 217
9558 4108 218
9559 4109 219
9560 4110 220
9561 4111 221
9562 4112 222
9563 4113 223
9564 4114 224
9565 4115 225
9566 4116 226
9567 4117 227
9568 4118 228
9569 4119 229
9570 4120 230
9571 4121 231
9572 4122 232
9573 4123 233
9574 4124 234
9575 4125 235
9576 4126 236
9577 4127 237
9578 4128 238
9579 4129 239
9580 4130 240
9581 4131 241
9582 4132 242
9583 4133 243
9584 4134 244
9585 4135 245
9586 4136 246
9587 4137 247
9588 4138 248
9589 4139 249
9590 4140 250
9591 4141 251
9592 4142 252
9593 4143 253
9594 4144 254
9595 4145 255
9596 4146 256
9597 4147 257
9598 4148 258
9599 4149 259
9600 4150 260
9601 4151 261
9602 4152 262
9603 4153 263
9604 4154 264
9605 4155 265
9606 4156 266
9607 4157 267
9608 4158 268
9609 4159 269
9610 4160 270
9611 4161 271
9612 4162 272
9613 4163 273
9614 4164 274
9615 4165 275
9616 4166 276
9617 4167 277
9618 4168 278
9619 4169 279
9620 4170 280
9621 4171 281
9622 4172 282
9623 4173 283
9624 4174 284
9625 4175 285
9626 4176 286
9627 4177 287
9628 4178 288
9629 4179 289
9630 4180 290
9631 4181 291
9632 4182 292
9633 4183 293
9634 4184 294
9635 4185 295
9636 4186 296
9637 4187 297
9638 4188 298
9639 4189 299
9640 4190 300
9641 4191 301
9642 4192 302
9643 4193 303
9644 4194 304
9645 4195 305
9646 4196 306
9647 4197 307
9648 4198 308
9649 4199 309
9650 4200 310
9651 4201 311
9652 4202 312
9653 4203 313
9654 4204 314
9655 4205 315
9656 4206 316
9657 4207 317
9658 4208 318
9659 4209 319
9660 4210 320
9661 4211 321
9662 4212 322
9663 4213 323
9664 4214 324
9665 4215 325
9666 4216 326
9667 4217 327
9668 4218 328
9669 4219 329
9670 4220 330
9671 4221 331
9672 4222 332
9673 4223 333
9674 4224 334
9675 4225 335
9676 4226 336
9677 4227 337
9678 4228 338
9679 4229 339
9680 4230 340
9681 4231 341
9682 4232 342
9683 4233 343
9684 4234 344
9685 4235 345
9686 4236 346
9687 4237 347
9688 4238 348
9689 4239 349
9690 4240 350
9691 4241 351
9692 4242 352
9693 4243 353
9694 4244 354
9695 4245 355
9696 4246 356
9697 4247 357
9698 4248 358
9699 4249 359
9700 4250 360
9701 4251 361
9702 4252 362
9703 4253 363
9704 4254 364
9705 4255 365
9706 4256 366
9707 4257 367
9708 4258 368
9709 4259 369
9710 4260 370
9711 4261 371
9712 4262 372
9713 4263 373
9714 4264 374
9715 4265 375
9716 4266 376
9717 4267 377
9718 4268 378
9719 4269 379
9720 4270 380
9721 4271 381
9722 4272 382
9723 4273 383
9724 4274 384
9725 4275 385
9726 4276 386
9727 4277 387
9728 4278 388
9729 4279 389
9730 4280 390
9731 4281 391
9732 4282 392
9733 4283 393
9734 4284 394
9735 4285 395
9736 4286 396
9737 4287 397
9738 4288 398
9739 4289 399
9740 4290 400
9741 4291 401
9742 4292 402
9743 4293 403
9744 4294 404
9745 4295 405
9746 4296 406
9747 4297 407
9748 4298 408
9749 4299 409
9750 4300 410
9751 4301 411
9752 4302 412
9753 4303 413
9754 4304 414
9755 4305 415
9756 4306 416
9757 4307 417
9758 4308 418
9759 4309 419
9760 4310 420
9761 4311 421
9762 4312 422
9763 4313 423
9764 4314 424
9765 4315 425
9766 4316 426
9767 4317 427
9768 4318 428
9769 4319 429
9770 4320 430
9771 4321 431
9772 4322 432
9773 4323 433
9774 4324 434
9775 4325 435
9776 4326 436
9777 4327 437
9778 4328 438
9779 4329 439
9780 4330 440
9781 4331 441
9782 4332 442
9783 4333 443
9784 4334 444
9785 4335 445
9786 4336 446
9787 4337 447
9788 4338 448
9789 4339 449
9790 4340 450
9791 4341 451
9792 4342 452
9793 4343 453
9794 4344 454
9795 4345 455
9796 4346 456
9797 4347 457
9798 4348 458
9799 4349 459
9800 4350 460
9801 4351 461
9802 4352 462
9803 4353 463
9804 4354 464
9805 4355 465
9806 4356 466
9807 4357 467
9808 4358 468
9809 4359 469
9810 4360 470
9811 4361 471
9812 4362 472
9813 4363 473
9814 4364 474
9815 4365 475
9816 4366 476
9817 4367 477
9818 4368 478
9819 4369 479
9820 4370 480
9821 4371 481
9822 4372 482
9823 4373 483
9824 4374 484
9825 4375 485
9826 4376 486
9827 4377 487
9828 4378 488
9829 4379 489
9830 4380 490
9831 4381 491
9832 4382 492
9833 4383 493
9834 4384 494
9835 4385 495
9836 4386 496
9837 4387 497
9838 4388 498
9839 4389 499
9840 4390 500
9841 4391 501
9842 4392 502
9843 4393 503
9844 4394 504
9845 4395 505
9846 4396 506
9847 4397 507
9848 4398 508
9849 4399 509
9850 4400 510
9851 4401 511
9852 4402 512
9853 4403 513
9854 4404 514
9855 4405 515
9856 4406 516
9857 4407 517
9858 4408 518
9859 4409 519
9860 4410 520
9861 4411 521
9862 4412 522
9863 4413 523
9864 4414 524
9865 4415 525
9866 4416 526
9867 4417 527
9868 4418 528
9869 4419 529
9870 4420 530
9871 4421 531
9872 4422 532
9873 4423 533
9874 4424 534
9875 4425 535
9876 4426 536
9877 4427 537
9878 4428 538
9879 4429 539
9880 4430 540
9881 4431 541
9882 4432 542
9883 4433 543
9884 4434 544
9885 4435 545
9886 4436 546
9887 4437 547
9888 4438 548
9889 4439 549
9890 4440 550
9891 4441 551
9892 4442 552
9893 4443 553
9894 4444 554
9895 4445 555
9896 4446 556
9897 4447 557
9898 4448 558
9899 4449 559
9900 4450 560
9901 4451 561
9902 4452 562
9903 4453 563
9904 4454 564
9905 4455 565
9906 4456 566
9907 4457 567
9908 4458 568
9909 4459 569
9910 4460 570
9911 4461 571
9912 4462 572
9913 4463 573
9914 4464 574
9915 4465 575
9916 4466 576
9917 4467 577
9918 4468 578
9919 4469 579
9920 4470 580
9921 4471 581
9922 4472 582
9923 4473 583
9924 4474 584
9925 4475 585
9926 4476 586
9927 4477 587
9928 4478 588
9929 4479 589
9930 4480 590
9931 4481 591
9932 4482 592
9933 4483 593
9934 4484 594
9935 4485 595
9936 4486 596
9937 4487 597
9938 4488 598
9939 4489 599
9940 4490 600
9941 4491 601
9942 4492 602
9943 4493 603
9944 4494 604
9945 4495 605
9946 4496 606
9947 4497 607
9948 4498 608
9949 4499 609
9950 4500 610
9951 4501 611
9952 4502 612
9953 4503 613
9954 4504 614
9955 4505 615
9956 4506 616
9957 4507 617
9958 4508 618
9959 4509 619
9960 4510 620
9961 4511 621
9962 4512 622
9963 4513 623
9964 4514 624
9965 4515 625
9966 4516 626
9967 4517 627
9968 4518 628
9969 4519 629
9970 4520 630
9971 4521 631
9972 4522 632
9973 4523 633
9974 4524 634
9975 4525 635
9976 4526 636
9977 4527 637
9978 4528 638
9979 4529 639
9980 4530 640
9981 4531 641
9982 4532 642
9983 4533 643
9984 4534 644
9985 4535 645
9986 4536 646
9987 4537 647
9988 4538 648
9989 4539 649
9990 4540 650
9991 4541 651
9992 4542 652
9993 4543 653
9994 4544 654
9995 4545 655
9996 4546 656
9997 4547 657
9998 4548 658
9999 4549 659
0 4550 660
1 4551 661
2 4552 662
3 4553 663
4 4554 664
5 4555 665
6 4556 666
7 4557 667
8 4558 668
9 4559 669
10 4560 670
11 4561 671
12 4562 672
13 4563 673
14 4564 674
15 4565 675
16 4566 676
17 4567 677
18 4568 678
19 4569 679
20 4570 680
21 4571 681
22 4572 682
23 4573 683
24 4574 684
25 4575 685
26 4576 686
27 4577 687
28 4578 688
29 4579 689
30 4580 690
31 4581 691
32 4582 692
33 4583 693
34 4584 694
35 4585 695
36 4586 696
37 4587 697
38 4588 698
39 4589 699
40 4590 700
41 4591 701
42 4592 702
43 4593 703
44 4594 704
45 4595 705
46 4596 706
47 4597 707
48 4598 708
49 4599 709
50 4600 710
51 4601 711
52 4602 712
53 4603 713
54 4604 714
55 4605 715
56 4606 716
57 4607 717
58 4608 718
59 4609 719
60 4610 720
61 4611 721
62 4612 722
63 4613 723
64 4614 724
65 4615 725
66 4616 726
67 4617 727
68 4618 728
69 4619 729
70 4620 730
71 4621 731
72 4622 732
73 4623 733
74 4624 734
75 4625 735
76 4626 736
77 4627 737
78 4628 738
79 4629 739
80 4630 740
81 4631 741
82 4632 742
83 4633 743
84 4634 744
85 4635 745
86 4636 746
87 4637 747
88 4638 748
89 4639 749
90 4640 750
91 4641 751
92 4642 752
93 4643 753
94 4644 754
95 4645 755
96 4646 756
97 4647 757
98 4648 758
99 4649 759
100 4650 760
101 4651 761
102 4652 762
103 4653 763
104 4654 764
105 4655 765
106 4656 766
107 4657 767
108 4658 768
109 4659 769
110 4660 770
111 4661 771
112 4662 772
113 4663 773
114 4664 774
115 4665 775
116 4666 776
117 4667 777
118 4668 778
119 4669 779
120 4670 780
121 4671 781
122 4672 782
123 4673 783
124 4674 784
125 4675 785
126 4676 786
127 4677 787
128 4678 788
129 4679 789
130 4680 790
131 4681 791
132 4682 792
133 4683 793
134 4684 794
135 4685 795
136 4686 796
137 4687 797
138 4688 798
139 4689 799
140 4690 800
141 4691 801
142 4692 802
143 4693 803
144 4694 804
145 4695 805
146 4696 806
147 4697 807
148 4698 808
149 4699 809
150 4700 810
151 4701 811
152 4702 812
153 4703 813
154 4704 814
155 4705 815
156 4706 816
157 4707 817
158 4708 818
159 4709 819
160 4710 820
161 4711 821
162 4712 822
163 4713 823
164 4714 824
165 4715 825
166 4716 826
167 4717 827
168 4718 828
169 4719 829
170 4720 830
171 4721 831
172 4722 832
173 4723 833
174 4724 834
175 4725 835
176 4726 836
177 4727 837
178 4728 838
179 4729 839
180 4730 840
181 4731 841
182 4732 842
183 4733 843
184 4734 844
185 4735 845
186 4736 846
187 4737 847
188 4738 848
189 4739 849
190 4740 850
191 4741 851
192 4742 852
193 4743 853
194 4744 854
195 4745 855
196 4746 856
197 4747 857
198 4748 858
199 4749 859
200 4750 860
201 4751 861
202 4752 862
203 4753 863
204 4754 864
205 4755 865
206 4756 866
207 4757 867
208 4758 868
209 4759 869
210 4760 870
211 4761 871
212 4762 872
213 4763 873
214 4764 874
215 4765 875
216 4766 876
217 4767 877
218 4768 878
219 4769 879
220 4770 880
221 4771 881
222 4772 882
223 4773 883
224 4774 884
225 4775 885
226 4776 886
227 4777 887
228 4778 888
229 4779 889
230 4780 890
231 4781 891
232 4782 892
233 4783 893
234 4784 894
235 4785 895
236 4786 896
237 4787 897
238 4788 898
239 4789 899
240 4790 900
241 4791 901
242 4792 902
243 4793 903
244 4794 904
245 4795 905
246 4796 906
247 4797 907
248 4798 908
249 4799 909
250 4800 910
251 4801 911
252 4802 912
253 4803 913
254 4804 914
255 4805 915
256 4806 916
257 4807 917
258 4808 918
259 4809 919
260 4810 920
261 4811 921
262 4812 922
263 4813 923
264 4814 924
265 4815 925
266 4816 926
267 4817 927
268 4818 928
269 4819 929
270 4820 930
271 4821 931
272 4822 932
273 4823 933
274 4824 934
275 4825 935
276 4826 936
277 4827 937
278 4828 938
279 4829 939
280 4830 940
281 4831 941
282 4832 942
283 4833 943
284 4834 944
285 4835 945
286 4836 946
287 4837 947
288 4838 948
289 4839 949
290 4840 950
291 4841 951
292 4842 952
293 4843 953
294 4844 954
295 4845 955
296 4846 956
297 4847 957
298 4848 958
299 4849 959
300 4850 960
301 4851 961
302 4852 962
303 4853 963
304 4854 964
305 4855 965
306 4856 966
307 4857 967
308 4858 968
309 4859 969
310 4860 970
311 4861 971
312 4862 972
313 4863 973
314 4864 974
315 4865 975
316 4866 976
317 4867 977
318 4868 978
319 4869 979
320 4870 980
321 4871 981
322 4872 982
323 4873 983
324 4874 984
325 4875 985
326 4876 986
327 4877 987
328 4878 988
329 4879 989
330 4880 990
331 4881 991
332 4882 992
333 4883 993
334 4884 994
335 4885 995
336 4886 996
337 4887 997
338 4888 998
339 4889 999
340 4890 1000
341 4891 1001
342 4892 1002
343 4893 1003
344 4894 1004
345 4895 1005
346 4896 1006
347 4897 1007
348 4898 1008
349 4899 1009
350 4900 1010
351 4901 1011
352 4902 1012
353 4903 1013
354 4904 1014
355 4905 1015
356 4906 1016
357 4907 1017
358 4908 1018
359 4909 1019
360 4910 1020
361 4911 1021
362 4912 1022
363 4913 1023
364 4914 1024
365 4915 1025
366 4916 1026
367 4917 1027
368 4918 1028
369 4919 1029
370 4920 1030
371 4921 1031
372 4922 1032
373 4923 1033
374 4924 1034
375 4925 1035
376 4926 1036
377 4927 1037
378 4928 1038
379 4929 1039
380 4930 1040
381 4931 1041
382 4932 1042
383 4933 1043
384 4934 1044
385 4935 1045
386 4936 1046
387 4937 1047
388 4938 1048
389 4939 1049
390 4940 1050
391 4941 1051
392 4942 1052
393 4943 1053
394 4944 1054
395 4945 1055
396 4946 1056
397 4947 1057
398 4948 1058
399 4949 1059
400 4950 1060
401 4951 1061
402 4952 1062
403 4953 1063
404 4954 1064
405 4955 1065
406 4956 1066
407 4957 1067
408 4958 1068
409 4959 1069
410 4960 1070
411 4961 1071
412 4962 1072
413 4963 1073
414 4964 1074
415 4965 1075
416 4966 1076
417 4967 1077
418 4968 1078
419 4969 1079
420 4970 1080
421 4971 1081
422 4972 1082
423 4973 1083
424 4974 1084
425 4975 1085
426 4976 1086
427 4977 1087
428 4978 1088
429 4979 1089
430 4980 1090
431 4981 1091
432 4982 1092
433 4983 1093
434 4984 1094
435 4985 1095
436 4986 1096
437 4987 1097
438 4988 1098
439 4989 1099
440 4990 1100
441 4991 1101
442 4992 1102
443 4993 1103
444 4994 1104
445 4995 1105
446 4996 1106
447 4997 1107
448 4998 1108
449 4999 1109
450 5000 1110
451 5001 1111
452 5002 1112
453 5003 1113
454 5004 1114
455 5005 1115
456 5006 1116
457 5007 1117
458 5008 1118
459 5009 1119
460 5010 1120
461 5011 1121
